ECHO: "face: ", 0, [0, 1, 2, 3], 4
ECHO: [3.75, 0, 0]
ECHO: [17, 0, 0]
ECHO: [20.5, 6, 2.5]
ECHO: [2.5, 6, 2.5]
ECHO: "face: ", 1, [6, 2, 5], 3
ECHO: [24.5, 8, 7.5]
ECHO: [20.5, 6, 2.5]
ECHO: [45, 0, 7.5]
ECHO: "face: ", 2, [5, 2, 1], 3
ECHO: [45, 0, 7.5]
ECHO: [20.5, 6, 2.5]
ECHO: [17, 0, 0]
ECHO: "face: ", 3, [6, 7, 3, 2], 4
ECHO: [24.5, 8, 7.5]
ECHO: [0, 8, 7.5]
ECHO: [2.5, 6, 2.5]
ECHO: [20.5, 6, 2.5]


polyhedron(points = [
[ 3.75, 0.0, 0.0 ],
[ 17.0, 0.0, 0.0 ],
[ 20.5, 6.5, 1.3322676295501878e-15 ],
[ 2.5, 6.5, 1.3322676295501878e-15 ]], faces=[[0,1,2,3]]);

polyhedron(points = [
[ 24.11265131074969, 7.007418983796077, -9.485574624224707 ],
[ 19.137244281156036, 2.507938470462337, -9.485574624224707 ],
[ 44.61265131074969, -0.9925810162039239, -9.485574624224707 ]], faces=[[0,1,2]]);

polyhedron(points = [
[ 45.41903201847357, 0.4073922401826391, -4.265625636118506 ],
[ 20.27125292531581, 5.777607010723705, -4.265625636118509 ],
[ 16.44736337873693, -0.5372856040057615, -4.265625636118509 ]], faces=[[0,1,2]]);

polyhedron(points = [
[ 24.5, 9.934700592472275, -4.642383454426296 ],
[ 0.0, 9.934700592472275, -4.642383454426296 ],
[ 2.5, 4.5495357853377705, -4.642383454426297 ],
[ 20.5, 4.5495357853377705, -4.642383454426297 ]], faces=[[0,1,2,3]]); 
